<q> <I> <dI> <dQ>
0.00235 1.0470490553614615 1.0170543431058905 0.000392
0.00244 1.7697653123771049 0.5344961107199079 0.000389
0.00254 0.9361194783084461 0.7748135008467971 0.000403
0.00264 1.6871393596246071 0.6462232277111952 0.000408
0.00274 1.200737626035305 0.34941487137654986 0.000425
0.00285 1.2789531238838987 0.32556287566486247 0.00043
0.00297 0.5044780318977301 0.4305527702378364 0.000431
0.00309 0.6146776365531007 0.4074781326194224 0.000442
0.00321 0.8633773189483748 0.1989278289592875 0.00045
0.00334 1.187477420085204 0.2933000168298896 0.000461
0.00347 0.9568746183291424 0.29032405678867174 0.000463
0.00361 0.8768033561859323 0.17251995799037098 0.000485
0.00376 0.793865683230603 0.14613357119207204 0.000498
0.00391 0.889853648797448 0.126009130363501 0.000508
0.00406 0.774515244300304 0.1397913434207806 0.000524
0.00423 0.9401642227726172 0.11477931106530077 0.000537
0.00439 0.7949197492158864 0.11374979846688658 0.000543
0.00457 0.8838822587397782 0.11429999936941816 0.000573
0.00475 0.7587963642514434 0.09398078246352387 0.000578
0.00494 0.7682059143926703 0.08399653608232682 0.000594
0.00514 0.8137385921088066 0.07214670226345261 0.000621
0.00535 0.8127337547160931 0.06698906587884286 0.000636
0.00556 0.7812966104657953 0.06096298301775817 0.000667
0.00578 0.709528605908401 0.05138810555306907 0.00068
0.00601 0.6535929753591588 0.04823212055682447 0.000694
0.00625 0.6491924990774832 0.04120431467386344 0.000707
0.0065 0.5923777743965898 0.03961147821589444 0.000721
0.00676 0.5745478285126364 0.03581072844460011 0.000743
0.00703 0.5429560324239583 0.031970012015277646 0.000773
0.00732 0.5418263644294106 0.02983189474854821 0.00079
0.007609999999999999 0.5185533214612464 0.026530013874965747 0.000809
0.00791 0.47691142205539655 0.025242534494984068 0.000837
0.008229999999999998 0.45383093292408816 0.022597041475750843 0.000864
0.00856 0.4524554167929625 0.02108808876858636 0.000859
0.0089 0.4403792789025071 0.019413432142978124 0.000897
0.00926 0.37924055506561777 0.017634632343303046 0.000913
0.00963 0.37978546793191326 0.016501753901195623 0.000936
0.01001 0.3408300233344197 0.01561373350196238 0.000931
0.01041 0.3317059288322846 0.013933705595258944 0.000961
0.01083 0.29569905580413947 0.013022838880305488 0.000985
0.01126 0.2658155977812375 0.012338630739786381 0.001
0.01171 0.2514565568304594 0.011337888296320323 0.00102
0.01218 0.22170573184759648 0.010615391345178634 0.00105
0.01267 0.204736949732455 0.010131621436182323 0.00106
0.01318 0.17786094050927323 0.009651857943140796 0.00109
0.0137 0.15964407657760063 0.009085290212082136 0.00113
0.01425 0.1271446353709772 0.008171214841715185 0.00112
0.01482 0.11649321506568666 0.007853798578626723 0.00113
0.01541 0.10180058235191437 0.007515190794409333 0.00114
0.01603 0.08153392220219803 0.007085222796186267 0.00114
0.01667 0.06878337556025935 0.0066136826304312646 0.00115
0.01734 0.058324610957370446 0.006101177736892304 0.00116
0.01803 0.04470423846914071 0.005651680963243793 0.00117
0.01875 0.031866447067870306 0.00508028445579341 0.00117
0.0195 0.023393285695959724 0.004788592138458059 0.00117
0.02028 0.017068233968264658 0.004602911338438476 0.00118
0.0211 0.017793263595033474 0.0035974317134431447 0.00117
0.02194 0.016378474697610466 0.003129955721582835 0.00119
0.02282 0.02011121124727117 0.0018064824316524296 0.0012
0.02373 0.014709481946701814 0.002789461092488828 0.0012
0.02468 0.023331675891861327 0.001589473965011897 0.0012
0.02567 0.02312022332620637 0.001462297626967521 0.00121
0.02669 0.03247717741896869 0.0007747207221632941 0.0012
0.02776 0.030932632203206828 0.002700041358989267 0.00122
0.02887 0.03577111305389102 0.0021292164423229007 0.00121
0.03003 0.03365180047669351 0.002510282851031375 0.00123
0.03123 0.03584856794896167 0.002632242601512752 0.00123
0.03248 0.036024724921290906 0.0028336006108080378 0.00124
0.03377 0.030597190113531576 0.002578872577666161 0.00126
0.03513 0.02580327952175132 0.002777846854237637 0.00127
0.03653 0.02236034404226207 0.002562048246382081 0.00128
0.03799 0.018103555365210983 0.0023312165481743545 0.0013
0.03951 0.012434843154334735 0.0019278590148462788 0.00132
0.04109 0.010472166109331644 0.001662494417772316 0.00133
0.04274 0.007879754251091435 0.0016655217930838405 0.00135
0.04445 0.0076285367780100305 0.0005319993411236856 0.00137
0.04622 0.005481086028100934 0.0015368040883768613 0.00139
0.04807 0.008375688181778577 0.0006030912225497228 0.00141
0.05 0.00896703530776513 0.0009078768191601032 0.00144
0.052 0.011388222880838808 0.0012165131660667404 0.00147
0.05407 0.01026913827325409 0.0004784568066994316 0.00149
0.05624 0.008042774680846005 0.0005292977480317802 0.00152
0.05849 0.006555362186249499 0.0014236628327829654 0.00155
0.06083 0.0067735800077048285 0.0006532989912900766 0.00157
0.06326 0.003975252109933737 0.00035480398588781447 0.00161
0.06579 0.004703814051388262 0.000883561708798214 0.00165
0.06842 0.005057393775274234 0.001272230215803566 0.00167
0.07116 0.005569545206302088 0.000756709617127655 0.00171
0.07401 0.006245230281755392 0.0009587118078165981 0.00175
0.07696999999999998 0.005475038506349394 0.0006658883335550107 0.00179
0.08004 0.00452361172209571 0.000767510070747495 0.00183
0.08325 0.003415751195173096 0.0005597718762976719 0.00188
0.08658 0.004441456832535224 0.0004620519082689508 0.00193
0.09003999999999998 0.004732457465940886 0.001303373520949363 0.00197
0.09364 0.0022145210297967646 0.0002759122564496602 0.00202
0.09739 0.005708603912429506 0.0012437989938602727 0.00207
0.10128 0.002407997006342796 0.00112169550275263 0.00212
0.10533 0.002599994284162436 0.00032009233106359024 0.00218
0.10955 0.003796546293407816 0.00106887562197151 0.00224
0.11393 0.0030693843331219407 0.001262364176063968 0.0023
0.11848 0.005133699330213128 0.000901369415527176 0.00236
0.12322 0.005897138921275737 0.0011167226054647 0.00242
0.12815 0.002381434044585752 0.0012333198183309523 0.00249
0.13328 0.004815051701273655 0.0009415370094834897 0.00256
0.13861 0.003842697261963406 0.0012546202157720367 0.00263
0.14415 0.003000024438961808 0.001044812011859494 0.0027
0.14992 0.0025963293657415244 0.0011977881367006608 0.00278
0.15592 0.004440687129573172 0.0009815392504617252 0.00286
0.16215 0.003908325301674476 0.001050811294720813 0.00294
0.16864 0.00377535078942274 0.0014477876375930388 0.00302
0.17539 0.001339294623034366 0.0007817609273150965 0.00311
0.1824 0.002166564316402677 0.0008012232487668087 0.00321
0.1897 0.004179359442864123 0.0010214636539910267 0.00331
0.19729 0.0033951727622899075 0.0016729476023624396 0.00341
0.20518 0.003387209865432899 0.001255419082124228 0.00353
0.21338 0.002904275361168372 0.001499834806274146 0.00364
0.22192 0.0060221302939414455 0.001546782194798916 0.00376
0.2308 0.004992986913407201 0.002181029732755148 0.00388
0.24003 0.0023545428054406337 0.0021184634724113857 0.00401
0.24963 0.006775071903887832 0.0026881432484163336 0.00414
0.25961 0.005011520970626529 0.0025225614494998774 0.00427
0.27 0.00259521431291226 0.003574212635113033 0.00441
0.2808 0.0035078403389598328 0.001987358181265332 0.00456
0.29203 0.0006838383295835813 0.0024182554189527286 0.0047
0.30371 0.00658436937061965 0.00497048535006975 0.00484
0.31586 0.008451197387052516 0.005339617720653127 0.005
0.32849 0.0069818227078712325 0.004284144237894536 0.00515
