1.010100000000000104e-03 2.141860000000000000e+08 1.285116000000000186e+07
2.020200000000000207e-03 2.133480000000000000e+08 1.280088000000000186e+07
3.030300000000000094e-03 2.119580000000000000e+08 1.271748000000000000e+07
4.040400000000000415e-03 2.100250000000000000e+08 1.260150000000000000e+07
5.050510000000000242e-03 2.075610000000000000e+08 1.245366000000000186e+07
6.060610000000000129e-03 2.045840000000000000e+08 1.227504000000000186e+07
7.070710000000000016e-03 2.011120000000000000e+08 1.206672000000000000e+07
8.080810000000000770e-03 1.971690000000000000e+08 1.183014000000000186e+07
9.090910000000000657e-03 1.927810000000000000e+08 1.156686000000000000e+07
1.010100000000000060e-02 1.879750000000000000e+08 1.127850000000000000e+07
1.111110000000000049e-02 1.827830000000000000e+08 1.096698000000000000e+07
1.212120000000000038e-02 1.772370000000000000e+08 1.063422000000000000e+07
1.313130000000000026e-02 1.713730000000000000e+08 1.028238000000000000e+07
1.414140000000000015e-02 1.652260000000000000e+08 9.913560000000001863e+06
1.515150000000000004e-02 1.588330000000000000e+08 9.529980000000000000e+06
1.616160000000000166e-02 1.522330000000000000e+08 9.133980000000000000e+06
1.717170000000000155e-02 1.454650000000000000e+08 8.727900000000000000e+06
1.818180000000000143e-02 1.385670000000000000e+08 8.314019999999999069e+06
1.919190000000000132e-02 1.315780000000000000e+08 7.894680000000000000e+06
2.020200000000000121e-02 1.245360000000000000e+08 7.472159999999999069e+06
2.121210000000000109e-02 1.174790000000000000e+08 7.048740000000000000e+06
2.222220000000000098e-02 1.104420000000000000e+08 6.626520000000000931e+06
2.323230000000000087e-02 1.034610000000000000e+08 6.207659999999999069e+06
2.424240000000000075e-02 9.656920000000000000e+07 5.794152000000000000e+06
2.525250000000000064e-02 8.979730000000000000e+07 5.387838000000000931e+06
2.626260000000000053e-02 8.317480000000000000e+07 4.990488000000000000e+06
2.727270000000000041e-02 7.672880000000000000e+07 4.603728000000000000e+06
2.828280000000000030e-02 7.048390000000000000e+07 4.229034000000000000e+06
2.929290000000000019e-02 6.446200000000000000e+07 3.867719999999999534e+06
3.030300000000000007e-02 5.868280000000000000e+07 3.520968000000000466e+06
3.131310000000000343e-02 5.316270000000000000e+07 3.189762000000000466e+06
3.232320000000000332e-02 4.791580000000000000e+07 2.874948000000000466e+06
3.333330000000000320e-02 4.295330000000000000e+07 2.577198000000000466e+06
3.434340000000000309e-02 3.828360000000000000e+07 2.297016000000000000e+06
3.535350000000000298e-02 3.391260000000000000e+07 2.034756000000000233e+06
3.636360000000000287e-02 2.984340000000000000e+07 1.790604000000000000e+06
3.737370000000000275e-02 2.607680000000000000e+07 1.564608000000000233e+06
3.838380000000000264e-02 2.261100000000000000e+07 1.356660000000000000e+06
3.939390000000000253e-02 1.944200000000000000e+07 1.166520000000000233e+06
4.040400000000000241e-02 1.656390000000000000e+07 9.938340000000001164e+05
4.141410000000000230e-02 1.396870000000000000e+07 8.381220000000000000e+05
4.242420000000000219e-02 1.164670000000000000e+07 6.988020000000000000e+05
4.343430000000000207e-02 9.586620000000000000e+06 5.751971999999999534e+05
4.444440000000000196e-02 7.776020000000000000e+06 4.665612000000000116e+05
4.545450000000000185e-02 6.201180000000000000e+06 3.720707999999999884e+05
4.646460000000000173e-02 4.847510000000000000e+06 2.908505999999999767e+05
4.747470000000000162e-02 3.699710000000000000e+06 2.219826000000000058e+05
4.848480000000000151e-02 2.741970000000000000e+06 1.645182000000000116e+05
4.949490000000000139e-02 1.958150000000000000e+06 1.174890000000000000e+05
5.050509999999999722e-02 1.332030000000000000e+06 7.992180000000001746e+04
5.151519999999999710e-02 8.474020000000000000e+05 5.084411999999999534e+04
5.252529999999999699e-02 4.883190000000000000e+05 2.929914000000000669e+04
5.353539999999999688e-02 2.392010000000000000e+05 1.435206000000000131e+04
5.454549999999999677e-02 8.499469999999999709e+04 5.099682000000000698e+03
5.555559999999999665e-02 1.129270000000000073e+04 6.775620000000001255e+02
5.656569999999999654e-02 4.445630000000000109e+03 2.667378000000000497e+02
5.757580000000000336e-02 5.165350000000000000e+04 3.099209999999999582e+03
5.858590000000000325e-02 1.410410000000000000e+05 8.462460000000000946e+03
5.959600000000000314e-02 2.617170000000000000e+05 1.570302000000000044e+04
6.060610000000000303e-02 4.038160000000000000e+05 2.422895999999999913e+04
6.161620000000000291e-02 5.585220000000000000e+05 3.351131999999999971e+04
6.262629999999999586e-02 7.180840000000000000e+05 4.308504000000000815e+04
6.363639999999999575e-02 8.758050000000000000e+05 5.254830000000000291e+04
6.464649999999999563e-02 1.026030000000000000e+06 6.156180000000000291e+04
6.565659999999999552e-02 1.164100000000000000e+06 6.984600000000001455e+04
6.666669999999999541e-02 1.286340000000000000e+06 7.718040000000000873e+04
6.767679999999999529e-02 1.389980000000000000e+06 8.339880000000000291e+04
6.868689999999999518e-02 1.473090000000000000e+06 8.838540000000000873e+04
6.969699999999999507e-02 1.534540000000000000e+06 9.207239999999999418e+04
7.070709999999999495e-02 1.573910000000000000e+06 9.443460000000002037e+04
7.171719999999999484e-02 1.591410000000000000e+06 9.548460000000002037e+04
7.272729999999999473e-02 1.587800000000000000e+06 9.526800000000000000e+04
7.373739999999999462e-02 1.564300000000000000e+06 9.385800000000000000e+04
7.474749999999999450e-02 1.522560000000000000e+06 9.135360000000002037e+04
7.575759999999999439e-02 1.464490000000000000e+06 8.786939999999999418e+04
7.676769999999999428e-02 1.392270000000000000e+06 8.353620000000001164e+04
7.777779999999999416e-02 1.308230000000000000e+06 7.849380000000001746e+04
7.878789999999999405e-02 1.214770000000000000e+06 7.288619999999999709e+04
7.979799999999999394e-02 1.114330000000000000e+06 6.685980000000000291e+04
8.080809999999999382e-02 1.009330000000000000e+06 6.055980000000001019e+04
8.181819999999999371e-02 9.020790000000000000e+05 5.412473999999999796e+04
8.282829999999999360e-02 7.947700000000000000e+05 4.768619999999999709e+04
8.383839999999999348e-02 6.894210000000000000e+05 4.136526000000000931e+04
8.484849999999999337e-02 5.878560000000000000e+05 3.527136000000000058e+04
8.585859999999999326e-02 4.916700000000000000e+05 2.950020000000000437e+04
8.686869999999999314e-02 4.022190000000000000e+05 2.413313999999999578e+04
8.787880000000000691e-02 3.206090000000000000e+05 1.923654000000000087e+04
8.888890000000000680e-02 2.476870000000000000e+05 1.486121999999999753e+04
8.989900000000000668e-02 1.840500000000000000e+05 1.104299999999999818e+04
9.090910000000000657e-02 1.300470000000000000e+05 7.802820000000000618e+03
9.191920000000000646e-02 8.579030000000000291e+04 5.147417999999999665e+03
9.292930000000000634e-02 5.117640000000000146e+04 3.070584000000000287e+03
9.393940000000000623e-02 2.590050000000000000e+04 1.554030000000000200e+03
9.494950000000000612e-02 9.481120000000000800e+03 5.688672000000000253e+02
9.595960000000000600e-02 1.283930000000000064e+03 7.703579999999999472e+01
9.696970000000000589e-02 5.474969999999999573e+02 3.284981999999999402e+01
9.797980000000000578e-02 6.409979999999999563e+03 3.845987999999999261e+02
9.898990000000000566e-02 1.793590000000000146e+04 1.076153999999999996e+03
1.000000000000000056e-01 3.414240000000000146e+04 2.048543999999999869e+03
